            0.00       0.00000000
            2.00       0.00000000
            4.00       0.00000000
            6.00    -1.270549e-24
            8.00    -1.694066e-24
           10.00       0.00000000
           12.00       0.00000000
           14.00       0.00000000
           16.00    -2.168404e-22
           18.00     8.673617e-22
           20.00     3.469447e-21
           22.00    -1.387779e-20
           24.00     5.551115e-20
           26.00      -0.00227661
           28.00      -0.00505651
           30.00      -0.01061043
           32.00      -0.02101134
           34.00      -0.03921132
           36.00      -0.06883918
           38.00      -0.11342719
           40.00      -0.17486049
           42.00      -0.25109798
           44.00      -0.33369079
           46.00      -0.40619588
           48.00      -0.44493452
           50.00      -0.42327141
           52.00      -0.31943996
           54.00      -0.12611451
           56.00       0.14179420
           58.00       0.44517364
           60.00       0.72717726
           62.00       0.92748260
           64.00       1.00000000
           66.00       0.92748260
           68.00       0.72717726
           70.00       0.44517364
           72.00       0.14179420
           74.00      -0.12611451
           76.00      -0.31943996
           78.00      -0.42327141
           80.00      -0.44493452
           82.00      -0.40619588
           84.00      -0.33369079
           86.00      -0.25109798
           88.00      -0.17486049
           90.00      -0.11342719
           92.00      -0.06883918
           94.00      -0.03921132
           96.00      -0.02101134
           98.00      -0.01061043
          100.00      -0.00505651
          102.00      -0.00227661
          104.00       0.00000000
          106.00    -2.220446e-19
          108.00     5.551115e-20
          110.00       0.00000000
          112.00       0.00000000
          114.00       0.00000000
          116.00       0.00000000
          118.00    -5.421011e-23
          120.00       0.00000000
          122.00       0.00000000
          124.00       0.00000000
          126.00       0.00000000
          128.00       0.00000000